MLFFNN
\\Nodes
            Train   Test
(50,50)     68.31   56.57
(75,75)     70.94   56.00
(100,100)   74.96   58.57
(125,125)   76.68   59.14
(150,150)   78.89   58.57
(175,175)   80.05   57.71
(200,200)   81.61   58.57
(225,225)   83.42   59.71 <-
(250,250)   86.04   57.99
(275,275)   86.62   57.71
(500,500)   93.59   57.71
(1000,500)  97.04   57.14 

\\Regularization for nodes = (100,100)
alpha   Train   Test
1e-4    74.96   58.57
1e-3    74.05   57.42
1e-2    72.91   57.14
0.1     70.19   57.99
0.2     67.40   56.28
1.0     55.58   46.00       
10      23.56   23.56



SVM
\\C

C   Train   Test
0.1 71.26   56.00
1   76.84   57.42   
2   82.10   58.57
3   85.38   58.86
4   87.93   58.86 <-
5   89.33   58.28
6   90.23   58.57
7   91.05   57.99
8   91.87   57.43